idx	label	predict	radius	correct	time
0	3	3	0.245	1	0:06:06.120797
100	4	-1	0.0	0	0:05:43.703725
200	5	3	0.425	0	0:05:46.461989
300	6	-1	0.0	0	0:05:42.633311
400	9	9	0.758	1	0:05:55.335427
500	4	-1	0.0	0	0:05:50.346240
600	8	8	0.706	1	0:05:49.759830
700	7	7	0.803	1	0:05:43.115933
800	7	7	2.32	1	0:05:45.805192
900	2	-1	0.0	0	0:05:34.749598
1000	5	5	1.56	1	0:05:46.898888
1100	7	7	0.574	1	0:05:47.330571
1200	8	8	1.06	1	0:05:42.543358
1300	4	-1	0.0	0	0:04:31.415993
1400	5	3	0.284	0	0:05:44.139099
1500	1	1	1.36	1	0:05:42.103451
1600	8	-1	0.0	0	0:05:45.703256
1700	5	-1	0.0	0	0:05:43.854587
1800	4	-1	0.0	0	0:05:40.384725
1900	8	8	2.48	1	0:05:40.819258
2000	1	-1	0.0	0	0:05:41.570441
2100	2	-1	0.0	0	0:05:36.865525
2200	0	0	0.125	1	0:05:48.061346
2300	3	3	0.395	1	0:05:37.631406
2400	0	0	0.831	1	0:05:51.847013
2500	4	4	0.433	1	0:05:52.122549
2600	8	8	1.74	1	0:06:27.802234
2700	9	-1	0.0	0	0:06:31.931947
2800	4	-1	0.0	0	0:06:13.452476
2900	3	-1	0.0	0	0:06:25.929287
3000	5	5	1.2	1	0:06:29.967060
3100	0	0	0.329	1	0:06:28.588169
3200	5	5	0.0278	1	0:06:23.273374
3300	4	-1	0.0	0	0:06:28.464839
3400	6	-1	0.0	0	0:06:09.120018
3500	1	1	0.25	1	0:06:32.464315
3600	4	-1	0.0	0	0:06:28.103094
3700	3	3	1.24	1	0:06:26.401107
3800	9	-1	0.0	0	0:06:27.885507
3900	3	3	0.745	1	0:06:28.005561
4000	8	-1	0.0	0	0:06:28.741421
4100	7	7	2.26	1	0:06:27.862170
4200	4	4	0.013	1	0:06:30.199143
4300	8	8	1.09	1	0:06:24.339588
4400	3	-1	0.0	0	0:06:29.392730
4500	3	3	0.474	1	0:06:28.133992
4600	4	4	0.955	1	0:06:28.506129
4700	6	-1	0.0	0	0:06:29.494896
4800	9	9	1.84	1	0:06:29.988574
4900	3	3	0.871	1	0:06:28.590220
5000	7	7	2.46	1	0:06:28.670545
5100	3	3	0.54	1	0:06:21.617529
5200	3	3	0.984	1	0:06:26.232688
5300	9	9	0.472	1	0:06:26.274891
5400	9	-1	0.0	0	0:06:30.894697
5500	8	-1	0.0	0	0:06:26.118413
5600	6	-1	0.0	0	0:06:25.270448
5700	3	3	0.514	1	0:06:25.342854
5800	2	2	0.106	1	0:06:32.108100
5900	4	3	0.187	0	0:06:25.065025
6000	8	-1	0.0	0	0:06:27.172396
6100	1	1	0.506	1	0:06:27.932272
6200	3	3	0.106	1	0:06:30.665488
6300	1	-1	0.0	0	0:06:29.798663
6400	0	-1	0.0	0	0:06:25.938443
6500	7	-1	0.0	0	0:06:25.733557
6600	7	7	3.2	1	0:06:30.581030
6700	6	6	0.12	1	0:06:32.431401
6800	6	-1	0.0	0	0:06:12.378806
6900	3	-1	0.0	0	0:06:26.591682
7000	2	8	0.0771	0	0:06:28.633416
7100	9	3	1.71	0	0:06:32.113394
7200	4	3	0.0527	0	0:06:34.234876
7300	3	4	0.0968	0	0:06:23.162906
7400	3	3	0.652	1	0:06:31.014601
7500	6	6	2.64	1	0:06:30.245682
7600	8	-1	0.0	0	0:06:26.989712
7700	6	-1	0.0	0	0:06:00.121173
7800	0	0	0.0281	1	0:06:28.004620
7900	0	-1	0.0	0	0:06:27.175188
8000	9	9	0.739	1	0:06:27.013146
8100	6	-1	0.0	0	0:06:27.643772
8200	3	-1	0.0	0	0:06:51.909749
8300	5	-1	0.0	0	0:06:50.401081
8400	0	-1	0.0	0	0:06:31.963025
8500	4	4	1.37	1	0:06:33.192835
8600	3	3	0.187	1	0:06:30.842574
8700	3	3	0.619	1	0:06:29.979559
8800	0	0	0.356	1	0:06:31.525473
8900	2	-1	0.0	0	0:06:30.865041
9000	8	8	2.42	1	0:06:37.055755
9100	9	3	0.0746	0	0:06:36.428775
9200	8	8	0.977	1	0:06:37.153007
9300	5	3	0.115	0	0:06:35.345542
9400	6	6	0.0299	1	0:06:35.372317
9500	9	-1	0.0	0	0:06:28.582492
9600	8	8	0.823	1	0:06:33.242706
9700	0	0	0.44	1	0:06:33.365016
9800	1	1	3.06	1	0:06:30.985614
9900	8	8	0.397	1	0:06:28.375267
