idx	label	predict	radius	correct	time
0	3	3	0.841	1	0:05:48.232117
100	4	-1	0.0	0	0:05:50.515741
200	5	3	0.202	0	0:05:49.152077
300	6	6	0.813	1	0:05:41.687707
400	9	9	1.56	1	0:05:48.835499
500	4	-1	0.0	0	0:05:59.242172
600	8	8	1.09	1	0:06:42.738865
700	7	7	1.46	1	0:06:41.566930
800	7	7	1.6	1	0:06:41.858316
900	2	-1	0.0	0	0:06:24.655081
1000	5	5	1.19	1	0:06:38.573554
1100	7	7	1.37	1	0:06:39.884739
1200	8	8	1.04	1	0:06:38.615410
1300	4	-1	0.0	0	0:05:14.565608
1400	5	3	0.0232	0	0:06:41.342709
1500	1	1	1.31	1	0:06:37.777022
1600	8	-1	0.0	0	0:06:37.613680
1700	5	-1	0.0	0	0:06:37.268254
1800	4	-1	0.0	0	0:06:34.340398
1900	8	8	1.6	1	0:06:32.326219
2000	1	1	0.514	1	0:06:36.040769
2100	2	2	0.344	1	0:06:23.114693
2200	0	0	0.506	1	0:06:40.791080
2300	3	3	0.0983	1	0:06:27.952392
2400	0	0	1.0	1	0:10:01.855198
2500	4	4	0.0979	1	0:10:34.809301
