idx	label	predict	radius	correct	time
0	3	3	0.728	1	0:05:45.664711
400	9	9	0.8	1	0:05:44.321284
800	7	7	0.8	1	0:05:41.902699
1200	8	8	0.735	1	0:05:38.633593
1600	8	8	0.13	1	0:05:40.208736
2000	1	1	0.623	1	0:05:41.080057
2400	0	0	0.618	1	0:05:45.675917
2800	4	4	0.444	1	0:05:28.921937
3200	5	5	0.8	1	0:05:42.095682
3600	4	3	0.406	0	0:05:47.446212
4000	8	0	0.102	0	0:05:44.688472
4400	3	3	0.393	1	0:05:44.857953
4800	9	9	0.8	1	0:05:39.484759
5200	3	3	0.0713	1	0:05:42.426332
5600	6	3	0.0473	0	0:05:42.523593
6000	8	8	0.515	1	0:05:43.550536
6400	0	0	0.528	1	0:05:43.393155
6800	6	6	0.0373	1	0:05:34.587752
7200	4	4	0.203	1	0:05:41.542739
7600	8	-1	0.0	0	0:05:39.516486
8000	9	9	0.721	1	0:05:51.819506
8400	0	0	0.409	1	0:05:40.157123
8800	0	0	0.533	1	0:05:41.725057
9200	8	8	0.409	1	0:05:34.611425
9600	8	8	0.651	1	0:05:46.587829
